#Michael Murillo MLM data, Jan 30, 2024
T[eV] 			  σe[S/cm]
2.887587260000000142e-02 1.064852280000000028e+06
3.024140789999999954e-02 1.016666349999999977e+06
3.167151919999999787e-02 9.706567580000000307e+05
3.316926030000000303e-02 9.267252480000000214e+05
3.473782920000000052e-02 8.847779969999999739e+05
3.638057549999999807e-02 8.447254229999999516e+05
3.810100710000000057e-02 8.064819880000000121e+05
3.990279749999999653e-02 7.699660150000000140e+05
4.178979439999999657e-02 7.350995169999999925e+05
4.376602699999999901e-02 7.018080289999999804e+05
4.583571530000000310e-02 6.700204479999999749e+05
4.800327890000000153e-02 6.396688810000000522e+05
5.027334619999999921e-02 6.106885030000000261e+05
5.265076459999999681e-02 5.830174150000000373e+05
5.514061070000000203e-02 5.565965139999999665e+05
5.774820130000000301e-02 5.313693649999999907e+05
6.047910439999999721e-02 5.072820829999999842e+05
6.333915140000000166e-02 4.842832150000000256e+05
6.633444970000000607e-02 4.623236350000000093e+05
6.947139509999999962e-02 4.413564319999999716e+05
7.275668609999999537e-02 4.213368159999999916e+05
7.619733800000000334e-02 4.022220189999999711e+05
7.980069780000000057e-02 3.839712050000000163e+05
8.357445989999999492e-02 3.665453829999999725e+05
8.752668260000000255e-02 3.499073229999999749e+05
9.166580520000000565e-02 3.340214749999999767e+05
9.600066629999999546e-02 3.188538989999999758e+05
1.005405219999999933e-01 3.043721849999999977e+05
1.052950670000000061e-01 2.905453879999999772e+05
1.102744539999999940e-01 2.773439610000000102e+05
1.154893149999999952e-01 2.647396930000000284e+05
1.209507860000000046e-01 2.527073429999999935e+05
1.266705290000000039e-01 2.412178800000000047e+05
1.326607579999999897e-01 2.302483660000000091e+05
1.389342640000000018e-01 2.197753550000000105e+05
1.455044430000000111e-01 2.097764599999999919e+05
1.523853239999999887e-01 2.002303060000000114e+05
1.595916019999999991e-01 1.911164839999999967e+05
1.671386629999999929e-01 1.824155100000000093e+05
1.750426230000000083e-01 1.741087779999999912e+05
1.833203599999999878e-01 1.661785270000000019e+05
1.919895510000000083e-01 6.344311869999999908e+04
2.010687049999999865e-01 6.055215840000000026e+04
2.105772120000000136e-01 5.779273810000000231e+04
2.205353740000000062e-01 5.515818890000000101e+04
2.309644560000000124e-01 5.264324869999999646e+04
2.418867279999999953e-01 5.024193740000000253e+04
2.533255119999999749e-01 4.795028760000000329e+04
2.653052349999999726e-01 4.576282259999999951e+04
2.778514770000000134e-01 4.367485970000000088e+04
2.909910279999999849e-01 4.168192889999999898e+04
3.047519470000000230e-01 3.977976269999999931e+04
3.191636170000000106e-01 3.796428699999999662e+04
3.342568129999999860e-01 3.623161269999999786e+04
3.500637629999999723e-01 3.457802709999999934e+04
3.666182219999999936e-01 3.300049500000000262e+04
3.839555379999999851e-01 3.149463880000000063e+04
4.021127340000000272e-01 3.005771510000000126e+04
4.211285799999999746e-01 2.868629439999999886e+04
4.410436819999999924e-01 2.737811030000000028e+04
4.619005669999999841e-01 2.613002260000000024e+04
4.837437700000000174e-01 2.493892039999999906e+04
5.066199340000000495e-01 2.380308150000000023e+04
5.305779090000000142e-01 2.271965250000000015e+04
5.556688530000000181e-01 2.168630040000000008e+04
5.819463430000000326e-01 2.070079820000000109e+04
6.094664910000000546e-01 1.976167669999999998e+04
6.382880629999999611e-01 1.886562359999999899e+04
6.684726020000000268e-01 1.801132809999999881e+04
7.000845629999999931e-01 1.719662359999999899e+04
7.331914489999999951e-01 1.642036140000000159e+04
7.678639539999999597e-01 1.568055210000000079e+04
8.041761160000000519e-01 1.497558439999999973e+04
8.422054749999999812e-01 1.430396119999999974e+04
8.820332349999999710e-01 1.366412989999999991e+04
9.237444439999999979e-01 1.305472580000000016e+04
9.674281700000000317e-01 1.247414079999999922e+04
1.013177690000000020e+00 1.192181919999999991e+04
1.061090700000000053e+00 1.139610800000000017e+04
1.111269510000000071e+00 1.089557190000000082e+04
1.163821259999999969e+00 1.041931370000000061e+04
1.218858180000000013e+00 9.965846439999999347e+03
1.276497790000000077e+00 9.534945250000000669e+03
1.336863160000000050e+00 9.125440370000000257e+03
1.400083210000000022e+00 8.735793490000000020e+03
1.466292909999999949e+00 8.365836160000000746e+03
1.535633669999999951e+00 8.014359940000000279e+03
1.608253539999999981e+00 7.680198089999999866e+03
1.684307589999999966e+00 7.362844250000000102e+03
1.763958219999999910e+00 7.061875079999999798e+03
1.847375519999999938e+00 6.776223509999999806e+03
1.934737609999999997e+00 6.504891770000000179e+03
2.026231039999999872e+00 6.247645499999999629e+03
2.122051170000000209e+00 6.003511520000000019e+03
2.222402629999999935e+00 5.772387730000000374e+03
2.327499689999999788e+00 5.553031079999999747e+03
2.437566780000000044e+00 5.344837499999999636e+03
2.552838910000000183e+00 5.327165619999999763e+03
2.673562249999999807e+00 5.382303670000000238e+03
2.799994579999999900e+00 5.441870520000000397e+03
2.932405870000000192e+00 5.506202930000000379e+03
3.071078870000000016e+00 5.576370530000000144e+03
3.216309690000000110e+00 5.651731050000000323e+03
3.368408459999999938e+00 5.733719879999999648e+03
3.527699950000000140e+00 5.821963190000000395e+03
3.694524309999999812e+00 5.916925769999999829e+03
3.869237769999999799e+00 6.019656680000000051e+03
4.052213390000000359e+00 6.130707250000000386e+03
4.243841910000000439e+00 6.250092789999999695e+03
4.444532510000000158e+00 6.378730419999999867e+03
4.654713730000000105e+00 6.516987909999999829e+03
4.874834390000000184e+00 6.666204069999999774e+03
5.105364520000000184e+00 6.826849930000000313e+03
5.346796379999999793e+00 6.999753029999999853e+03
5.599645520000000154e+00 7.186141370000000279e+03
5.864451850000000022e+00 7.386267740000000231e+03
6.141780830000000080e+00 7.601089649999999892e+03
6.432224650000000210e+00 7.832363849999999729e+03
6.736403509999999706e+00 8.081236469999999827e+03
7.054966949999999848e+00 8.347694929999999658e+03
7.388595190000000201e+00 8.634535159999999451e+03
7.738000659999999975e+00 8.941402149999999892e+03
8.103929459999999807e+00 9.271334210000000894e+03
8.487162969999999973e+00 9.624430490000000646e+03
8.888519540000000774e+00 1.000216769999999997e+04
9.308856190000000197e+00 1.040719030000000021e+04
9.749070489999999367e+00 1.084029989999999998e+04
1.021010249999999964e+01 1.130299749999999949e+04
1.069293659999999946e+01 1.179748120000000017e+04
1.119860380000000077e+01 1.232578369999999995e+04
1.172818400000000061e+01 1.288970069999999942e+04
1.228280789999999989e+01 1.349100560000000041e+04
1.286365990000000004e+01 1.413224259999999958e+04
1.347198030000000024e+01 1.481543970000000081e+04
1.410906800000000061e+01 1.554313409999999931e+04
1.477628359999999930e+01 1.631823580000000038e+04
1.547505160000000046e+01 1.714331090000000040e+04
1.620686429999999945e+01 1.802128129999999874e+04
1.697328429999999955e+01 1.895552430000000095e+04
1.777594819999999842e+01 1.994932939999999871e+04
1.861656989999999823e+01 2.100641310000000158e+04
1.949694450000000145e+01 2.213065880000000107e+04
2.041895179999999854e+01 2.332640490000000136e+04
2.138456079999999915e+01 2.459818100000000049e+04
2.239583319999999844e+01 2.595096649999999863e+04
2.345492850000000118e+01 2.739007110000000102e+04
2.456410830000000090e+01 2.892123259999999937e+04
2.572574099999999930e+01 3.055060699999999997e+04
2.694230710000000073e+01 3.228505069999999978e+04
2.821640449999999944e+01 3.413153119999999763e+04
2.955075370000000134e+01 3.609807259999999951e+04
3.094820400000000049e+01 3.819283140000000276e+04
3.241173959999999710e+01 4.042493220000000292e+04
3.394448549999999898e+01 4.280362320000000182e+04
3.554971479999999673e+01 4.533991589999999997e+04
3.723085499999999826e+01 4.804481440000000293e+04
3.899149609999999910e+01 5.092930040000000008e+04
4.083539770000000146e+01 5.400750970000000234e+04
4.276649700000000109e+01 5.729381210000000283e+04
4.478891769999999894e+01 6.080147170000000187e+04
4.690697839999999985e+01 6.454848279999999795e+04
4.912520179999999925e+01 6.855014459999999963e+04
5.144832470000000058e+01 7.282364019999999437e+04
5.388130759999999952e+01 7.738973070000000007e+04
5.642934600000000245e+01 8.227023649999999907e+04
5.909788060000000343e+01 8.748936849999999686e+04
6.189260980000000245e+01 9.307022289999999339e+04
6.481950129999999888e+01 9.903459729999999399e+04
6.788480509999999413e+01 1.054120760000000009e+05
7.109506650000000150e+01 1.122369980000000069e+05
7.445714069999999651e+01 1.195397400000000052e+05
7.797820690000000354e+01 1.273478910000000033e+05
8.166578359999999748e+01 1.357037280000000028e+05
8.552774530000000652e+01 1.446457440000000061e+05
8.957233859999999481e+01 1.542154869999999937e+05
9.380819999999999936e+01 1.644579130000000005e+05
9.824437460000000044e+01 1.754211909999999916e+05
1.028903349999999932e+02 1.871569340000000084e+05
1.077560019999999952e+02 1.997204459999999963e+05
1.128517659999999978e+02 2.131709899999999907e+05
1.181885079999999988e+02 2.275720650000000023e+05
1.237776240000000030e+02 2.429911840000000084e+05
1.296310469999999953e+02 2.595024249999999884e+05
1.357612790000000018e+02 2.771832689999999711e+05
1.421814080000000047e+02 2.961174500000000116e+05
1.489051430000000096e+02 3.163946930000000284e+05
1.559468430000000012e+02 3.381111510000000126e+05
1.633215439999999887e+02 3.613698609999999753e+05
1.710449940000000026e+02 3.862812449999999953e+05
1.791336839999999881e+02 4.129636319999999832e+05
1.876048869999999908e+02 4.415438350000000210e+05
1.964766920000000141e+02 4.721577509999999893e+05
2.057680430000000058e+02 5.049510179999999818e+05
2.154987800000000107e+02 5.400797149999999674e+05
2.256896830000000023e+02 5.777111090000000549e+05
2.363625110000000120e+02 6.180244570000000531e+05
2.475400559999999928e+02 6.612118699999999953e+05
2.592461850000000254e+02 7.074792340000000549e+05
2.715058950000000095e+02 7.570471959999999963e+05
2.843453650000000152e+02 8.101522299999999814e+05
2.977920119999999997e+02 8.670477639999999665e+05
3.118745480000000043e+02 9.280054050000000279e+05
3.266230449999999905e+02 9.933162369999999646e+05
3.420689960000000269e+02 1.063292719999999972e+06
3.582453830000000039e+02 1.129332949999999953e+06
3.751867490000000203e+02 1.184259100000000093e+06
3.929292699999999741e+02 1.242334439999999944e+06
4.115108319999999935e+02 1.303746270000000019e+06
4.309711120000000051e+02 1.368693409999999916e+06
4.513516660000000229e+02 1.437386949999999953e+06
4.726960139999999910e+02 1.510051000000000000e+06
4.950497320000000059e+02 1.586923669999999925e+06
5.184605530000000044e+02 1.668257439999999944e+06
5.429784690000000182e+02 1.754320830000000075e+06
5.686558330000000296e+02 1.845398899999999907e+06
5.955474749999999631e+02 1.941794439999999944e+06
6.237108190000000150e+02 2.043829040000000037e+06
6.532060030000000097e+02 2.151844379999999888e+06
6.840960089999999809e+02 2.266203399999999907e+06
7.164467990000000555e+02 2.387291740000000224e+06
7.503274519999999939e+02 2.515519129999999888e+06
7.858103159999999434e+02 2.651320930000000168e+06
8.229711589999999433e+02 2.795159799999999814e+06
8.618893309999999701e+02 2.947527379999999888e+06
9.026479389999999512e+02 3.108946180000000168e+06
9.453340140000000247e+02 3.279971560000000056e+06
9.900387060000000474e+02 3.461193790000000037e+06
1.036857479999999896e+03 3.653240310000000056e+06
1.085890300000000025e+03 3.856778100000000093e+06
1.137241880000000037e+03 4.072516220000000205e+06
1.191021860000000061e+03 4.301208490000000224e+06
1.247345090000000027e+03 4.543656379999999888e+06
1.306331840000000057e+03 4.800712070000000298e+06
1.368108060000000023e+03 5.073281669999999925e+06
1.432805669999999964e+03 5.362328740000000224e+06
1.500562820000000102e+03 5.668877950000000186e+06
1.571524190000000090e+03 5.994019009999999776e+06
1.645841310000000021e+03 6.338910889999999665e+06
1.723672880000000077e+03 6.704786259999999776e+06
1.805185099999999920e+03 7.092956259999999776e+06
1.890552010000000109e+03 7.504815530000000261e+06
1.979955909999999903e+03 7.941847669999999925e+06
2.073587700000000041e+03 8.405630900000000373e+06
2.171647329999999783e+03 8.897844259999999776e+06
2.274344180000000051e+03 9.420274089999999851e+06
2.381897550000000138e+03 9.974821009999999776e+06
2.494537100000000009e+03 1.056350730000000075e+07
2.612503349999999955e+03 1.118848469999999925e+07
2.736048209999999926e+03 1.185204309999999963e+07
2.865435489999999845e+03 1.255661919999999925e+07
3.000941470000000209e+03 1.330480600000000000e+07
3.142855509999999867e+03 1.409936350000000000e+07
3.291480640000000221e+03 1.494322880000000075e+07
3.447134219999999914e+03 1.583952819999999925e+07
3.610148639999999887e+03 1.679158930000000075e+07
3.780871990000000096e+03 1.780295410000000149e+07
3.959668810000000121e+03 1.887739310000000149e+07
4.146920909999999822e+03 2.001891989999999851e+07
4.343028129999999692e+03 2.123180760000000149e+07
4.548409230000000207e+03 2.252060500000000000e+07
4.763502760000000308e+03 2.389015560000000149e+07
4.988768039999999928e+03 2.534561569999999925e+07
5.224686069999999745e+03 2.689247589999999851e+07
5.471760629999999765e+03 2.853658219999999925e+07
5.730519309999999678e+03 3.028416000000000000e+07
6.001514640000000327e+03 3.214183819999999925e+07
6.285325289999999768e+03 3.411667600000000000e+07
6.582557310000000143e+03 3.621619139999999851e+07
6.893845379999999750e+03 3.844839070000000298e+07
7.219854210000000421e+03 4.082180089999999851e+07
7.561279950000000099e+03 4.334550400000000000e+07
7.918851660000000265e+03 4.602917310000000149e+07
8.293332870000000185e+03 4.888311179999999702e+07
8.685523240000000442e+03 5.191829510000000149e+07
9.096260229999999865e+03 5.514641360000000149e+07
9.526420899999999165e+03 5.857992110000000149e+07
9.976923810000000231e+03 6.223208439999999851e+07
1.044873090000000047e+04 6.611703710000000149e+07
1.094284970000000067e+04 7.024983670000000298e+07
1.146033530000000064e+04 7.464652529999999702e+07
1.200229269999999997e+04 7.932419490000000596e+07
1.256987919999999940e+04 8.430105640000000596e+07
1.316430669999999918e+04 8.959651379999999702e+07
1.378684469999999965e+04 9.523124250000000000e+07
1.443882229999999981e+04 1.012272740000000000e+08
1.512163190000000031e+04 1.076080850000000000e+08
1.583673140000000058e+04 1.143986930000000000e+08
1.658564789999999994e+04 1.216257590000000000e+08
1.736998050000000148e+04 1.293176960000000000e+08
1.819140409999999974e+04 1.375047830000000000e+08
1.905167260000000169e+04 1.462192910000000000e+08
1.995262310000000070e+04 1.554956170000000000e+08
