#Michael Murillo MLM data, Jan 30, 2024
T[eV] 			         κe[W/cm-KeV]
1.000000000000000056e-01 1.308658550000000000e+08
1.059560179999999990e-01 1.308166070000000000e+08
1.122667769999999982e-01 1.307650390000000000e+08
1.189534069999999971e-01 1.307110700000000000e+08
1.260382929999999957e-01 1.306546210000000000e+08
1.335451559999999982e-01 1.305956180000000000e+08
1.414991300000000007e-01 1.305339870000000000e+08
1.499268430000000041e-01 1.304704760000000000e+08
1.588565130000000047e-01 1.304034820000000000e+08
1.683180350000000047e-01 1.303336780000000000e+08
1.783430880000000107e-01 1.302610120000000000e+08
1.889652340000000097e-01 5.207417729999999702e+07
2.002200369999999896e-01 5.204277660000000149e+07
2.121451779999999898e-01 5.201019600000000000e+07
2.247805830000000060e-01 5.197643470000000298e+07
2.381685550000000040e-01 5.194149950000000000e+07
2.523539169999999832e-01 5.190540550000000000e+07
2.673841619999999808e-01 5.186852360000000149e+07
2.833096099999999895e-01 5.183024150000000000e+07
3.001835809999999771e-01 5.179033779999999702e+07
3.180625690000000172e-01 5.174996739999999851e+07
3.370064329999999941e-01 5.170869570000000298e+07
3.570785960000000259e-01 5.166662510000000149e+07
3.783462619999999887e-01 5.162388039999999851e+07
4.008806329999999862e-01 5.158061200000000000e+07
4.247571549999999974e-01 5.153699929999999702e+07
4.500557680000000227e-01 5.149398410000000149e+07
4.768611700000000009e-01 5.145044489999999851e+07
5.052631069999999891e-01 5.140732320000000298e+07
5.353566680000000355e-01 5.136434550000000000e+07
5.672426069999999543e-01 5.132304860000000149e+07
6.010276780000000096e-01 5.128250320000000298e+07
6.368249940000000331e-01 5.124477810000000149e+07
6.747544049999999460e-01 5.120971170000000298e+07
7.149428989999999651e-01 5.117796010000000149e+07
7.575250260000000457e-01 5.115117960000000149e+07
8.026433520000000321e-01 5.112925929999999702e+07
8.504489339999999897e-01 5.111250460000000149e+07
9.011018250000000229e-01 5.110170360000000149e+07
9.547716109999999645e-01 5.109981410000000149e+07
1.011637979999999937e+00 5.110729129999999702e+07
1.071891319999999981e+00 5.112572650000000000e+07
1.135733359999999914e+00 5.115643350000000000e+07
1.203377839999999921e+00 5.120026900000000000e+07
1.275051240000000030e+00 5.126108820000000298e+07
1.350993520000000059e+00 5.134211200000000000e+07
1.431458939999999957e+00 5.144181170000000298e+07
1.516716890000000095e+00 5.156337979999999702e+07
1.607052820000000048e+00 5.171054310000000149e+07
1.702769170000000054e+00 5.188831879999999702e+07
1.804186410000000018e+00 5.209655900000000000e+07
1.911644080000000079e+00 5.233985550000000000e+07
2.025501939999999834e+00 5.262285039999999851e+07
2.146141200000000193e+00 5.294456629999999702e+07
2.273965749999999897e+00 5.331564679999999702e+07
2.409403559999999889e+00 5.373577589999999851e+07
2.552908069999999974e+00 5.421154329999999702e+07
2.704959730000000118e+00 5.474246829999999702e+07
2.866067619999999927e+00 5.534129579999999702e+07
3.036771120000000046e+00 5.600435060000000149e+07
3.217641749999999856e+00 5.797203220000000298e+07
3.409285070000000140e+00 6.240653679999999702e+07
3.612342700000000129e+00 6.727374950000000000e+07
3.827494479999999921e+00 7.262615659999999404e+07
4.055460740000000008e+00 7.853058009999999404e+07
4.297004699999999566e+00 8.505676190000000596e+07
4.552935070000000195e+00 9.227596650000000000e+07
4.824108700000000027e+00 1.002823220000000000e+08
5.111433479999999641e+00 1.091795570000000000e+08
5.415871379999999569e+00 1.190868380000000000e+08
5.738441650000000394e+00 1.301412040000000000e+08
6.080224259999999603e+00 1.424935180000000000e+08
6.442363509999999849e+00 1.563382020000000000e+08
6.826071830000000062e+00 1.718866610000000000e+08
7.232633899999999727e+00 1.893551410000000000e+08
7.663410869999999875e+00 2.090558970000000000e+08
8.119844990000000706e+00 2.312707190000000000e+08
8.603464419999999890e+00 2.563984960000000000e+08
9.115888299999999944e+00 2.848676040000000000e+08
9.658832240000000624e+00 3.171415250000000000e+08
1.023411399999999993e+01 3.537791590000000000e+08
1.084365969999999990e+01 3.954601130000000000e+08
1.148950999999999922e+01 4.429375300000000000e+08
1.217382729999999924e+01 4.970444010000000000e+08
1.289890259999999955e+01 5.587700540000000000e+08
1.366716360000000030e+01 6.292769870000000000e+08
1.448118230000000040e+01 7.098922940000000000e+08
1.534368410000000083e+01 8.021154640000000000e+08
1.625755669999999853e+01 9.076840710000000000e+08
1.722585970000000088e+01 1.028625470000000000e+09
1.825183489999999864e+01 1.167283110000000000e+09
1.933891750000000087e+01 1.326314710000000000e+09
2.049074690000000132e+01 1.508830870000000000e+09
2.171117950000000008e+01 1.718389640000000000e+09
2.300430120000000045e+01 1.959095230000000000e+09
2.437444149999999965e+01 2.235710970000000000e+09
2.582618760000000080e+01 2.553713610000000000e+09
2.736439999999999984e+01 2.919432140000000000e+09
2.899422849999999841e+01 3.340167960000000000e+09
3.072112999999999872e+01 3.824362240000000000e+09
3.255088599999999843e+01 4.381739790000000000e+09
3.448962259999999702e+01 5.023582910000000000e+09
3.654383070000000089e+01 5.762860110000000000e+09
3.872038779999999747e+01 6.614524070000000000e+09
4.102658110000000136e+01 7.595992010000000000e+09
4.347013160000000198e+01 8.727094170000000000e+09
4.605922040000000095e+01 1.003121140000000000e+10
4.880251580000000189e+01 1.153483960000000000e+10
5.170920240000000234e+01 1.326916890000000000e+10
5.478901179999999727e+01 1.526929070000000000e+10
5.805225519999999761e+01 1.757684400000000000e+10
6.150985790000000009e+01 2.023845290000000000e+10
6.517339599999999677e+01 2.331073310000000000e+10
6.905513519999999517e+01 2.685701340000000000e+10
7.316807140000000231e+01 3.094757200000000000e+10
7.752597489999999425e+01 3.567115670000000000e+10
8.214343580000000600e+01 4.112424080000000000e+10
8.703591360000000066e+01 4.741914010000000000e+10
9.221978819999999644e+01 5.468733290000000000e+10
9.771241539999999759e+01 6.307978240000000000e+10
1.035321840000000009e+02 7.277103350000000000e+10
1.096985800000000069e+02 8.396277100000000000e+10
1.162322470000000010e+02 9.688804080000000000e+10
1.231550600000000060e+02 1.118161290000000000e+11
1.304901979999999924e+02 1.290579420000000000e+11
1.382622169999999926e+02 1.489736010000000000e+11
1.464971400000000017e+02 1.719782670000000000e+11
1.552225359999999910e+02 1.985520440000000000e+11
1.644676179999999874e+02 2.292497100000000000e+11
1.742633390000000020e+02 2.647123410000000000e+11
1.846424939999999992e+02 3.056807310000000000e+11
1.956398340000000076e+02 3.530109160000000000e+11
2.072921780000000069e+02 4.076920980000000000e+11
2.196385370000000137e+02 4.708673680000000000e+11
2.327202479999999980e+02 5.438576540000000000e+11
2.465811080000000004e+02 6.281893860000000000e+11
2.612675229999999829e+02 7.256264800000000000e+11
2.768286630000000059e+02 8.382072850000000000e+11
2.933166279999999801e+02 9.682872890000000000e+11
3.107866189999999733e+02 1.118588470000000000e+12
3.292971259999999916e+02 1.292256310000000000e+12
3.489101210000000037e+02 1.492926410000000000e+12
3.696912709999999720e+02 1.687161300000000000e+12
3.917101490000000013e+02 1.899992760000000000e+12
4.150404760000000124e+02 2.140797160000000000e+12
4.397603609999999890e+02 2.413351640000000000e+12
4.659525669999999877e+02 2.721953120000000000e+12
4.937047850000000153e+02 3.071491040000000000e+12
5.231099309999999605e+02 3.467529180000000000e+12
5.542664519999999584e+02 3.916401710000000000e+12
5.872786610000000564e+02 4.425319970000000000e+12
6.222570839999999635e+02 5.002495890000000000e+12
6.593188270000000557e+02 5.657282580000000000e+12
6.985879750000000286e+02 6.400334920000000000e+12
7.401960000000000264e+02 7.243792880000000000e+12
7.842822059999999738e+02 8.201490970000000000e+12
8.309941949999999906e+02 9.289197530000000000e+12
8.804883579999999483e+02 1.052488810000000000e+13
9.329304029999999557e+02 1.192905750000000000e+13
9.884959049999999934e+02 1.352507740000000000e+13
1.047370899999999892e+03 1.533960330000000000e+13
1.109752500000000055e+03 1.740304180000000000e+13
1.175849549999999908e+03 1.975008270000000000e+13
1.245883360000000039e+03 2.242030900000000000e+13
1.320088400000000092e+03 2.545889350000000000e+13
1.398713099999999940e+03 2.891739510000000000e+13
1.482020710000000008e+03 3.285467080000000000e+13
1.570290119999999888e+03 3.733791670000000000e+13
1.663816890000000058e+03 4.244386110000000000e+13
1.762914119999999912e+03 4.826012720000000000e+13
1.867913600000000088e+03 5.488679380000000000e+13
1.979166870000000017e+03 6.243817970000000000e+13
2.097046400000000176e+03 7.104488660000000000e+13
2.221946860000000015e+03 8.085613620000000000e+13
2.354286410000000160e+03 9.204244540000000000e+13
2.494508139999999912e+03 1.047986880000000000e+14
2.643081490000000031e+03 1.193476000000000000e+14
2.800503889999999956e+03 1.359437890000000000e+14
2.967302409999999782e+03 1.548783340000000000e+14
3.144035469999999805e+03 1.764840360000000000e+14
3.331294789999999921e+03 2.011414490000000000e+14
3.529707300000000032e+03 2.292857680000000000e+14
3.739937300000000050e+03 2.614147320000000000e+14
3.962688639999999850e+03 2.980976700000000000e+14
4.198707080000000133e+03 3.399858560000000000e+14
4.448782830000000104e+03 3.878243850000000000e+14
4.713753130000000056e+03 4.424657610000000000e+14
4.994505119999999806e+03 5.048854800000000000e+14
5.291978739999999561e+03 5.761998690000000000e+14
5.607169939999999769e+03 6.576865410000000000e+14
5.941133979999999610e+03 7.508078250000000000e+14
6.294988989999999831e+03 8.572376140000000000e+14
6.669919659999999567e+03 9.788921430000000000e+14
7.067181270000000040e+03 1.117965260000000000e+15
7.488103860000000168e+03 1.276968850000000000e+15
7.934096669999999904e+03 1.458779180000000000e+15
8.406652889999999388e+03 1.666690010000000000e+15
8.907354639999999563e+03 1.904473520000000000e+15
9.437878280000000814e+03 2.176450090000000000e+15
1.000000000000000000e+04 2.487568400000000000e+15
